##FastQC	0.11.9
>>Basic Statistics	pass
#Measure	Value
Filename	subset_2.txt
File type	Conventional base calls
Encoding	Sanger / Illumina 1.9
Total Sequences	458003
Sequences flagged as poor quality	0
Sequence length	20-150
%GC	26
>>END_MODULE
>>Per base sequence quality	pass
#Base	Mean	Median	Lower Quartile	Upper Quartile	10th Percentile	90th Percentile
1	38.94622305967428	40.0	38.0	40.0	37.0	40.0
2	37.75284441368288	40.0	38.0	40.0	32.0	40.0
3	37.804828789331076	40.0	38.0	40.0	32.0	40.0
4	37.738610882461465	40.0	38.0	40.0	32.0	40.0
5	37.73604976386618	40.0	38.0	40.0	32.0	40.0
6	37.67623792857252	40.0	38.0	40.0	32.0	40.0
7	37.6169129896529	40.0	38.0	40.0	32.0	40.0
8	37.569452601838854	40.0	38.0	40.0	31.0	40.0
9	37.57004430101986	40.0	38.0	40.0	32.0	40.0
10-14	37.564012899478826	40.0	38.0	40.0	31.8	40.0
15-19	37.465923148975	40.0	38.0	40.0	31.0	40.0
20-24	37.33871423757451	40.0	37.6	40.0	31.0	40.0
25-29	37.14089948194521	40.0	37.0	40.0	31.0	40.0
30-34	36.816412730342485	40.0	36.2	40.0	30.2	40.0
35-39	36.78018570698271	40.0	36.0	40.0	30.0	40.0
40-44	36.64451666798413	39.4	36.0	40.0	29.6	40.0
45-49	36.3883854623533	39.0	35.2	40.0	28.6	40.0
50-54	36.59603960719723	39.0	35.4	40.0	29.8	40.0
55-59	36.55195571530823	39.0	35.0	40.0	29.6	40.0
60-64	36.334670977211914	38.8	35.0	40.0	29.0	40.0
65-69	36.12914426340213	38.0	35.0	40.0	29.0	40.0
70-74	35.96110169573426	38.0	34.6	40.0	28.0	40.0
75-79	35.698252432933636	38.0	34.0	40.0	28.0	40.0
80-84	35.26143071034446	38.0	33.2	40.0	27.2	40.0
85-89	34.71881765787099	36.8	32.4	39.2	26.6	40.0
90-94	34.47869158085011	36.0	32.0	39.0	26.0	40.0
95-99	34.562002745725465	36.4	32.2	39.0	26.0	40.0
100-104	34.25985607671853	36.0	32.0	39.0	26.0	40.0
105-109	33.761783906084084	35.4	31.2	38.2	25.2	40.0
110-114	33.41296738302624	35.0	31.0	38.0	24.4	40.0
115-119	33.109407658810234	35.0	30.6	38.0	24.0	40.0
120-124	32.76316048883397	34.4	30.0	38.0	23.6	39.8
125-129	32.43283878345873	33.8	30.0	37.2	23.6	39.0
130-134	32.04297427057146	33.0	29.4	36.4	23.0	39.0
135-139	31.542108003591448	33.0	28.6	36.0	23.0	38.0
140-144	31.38343913938998	33.0	29.0	35.8	23.0	38.0
145-149	31.430707860496604	32.6	29.0	35.2	23.2	38.0
150	31.67786530953709	33.0	29.0	35.0	24.0	38.0
>>END_MODULE
>>Per sequence quality scores	pass
#Quality	Count
17	2.0
18	6.0
19	37.0
20	199.0
21	414.0
22	711.0
23	1157.0
24	1634.0
25	2277.0
26	3222.0
27	4440.0
28	6138.0
29	8724.0
30	11992.0
31	17646.0
32	25421.0
33	36711.0
34	50952.0
35	68109.0
36	82979.0
37	81560.0
38	46913.0
39	6673.0
40	86.0
>>END_MODULE
>>Per base sequence content	fail
#Base	G	A	T	C
1	0.19454021043530284	39.654543747530035	30.63451549443999	29.516400547594667
2	0.916810225305185	46.69443953179142	29.130504081868818	23.25824616103458
3	0.7377793692521333	48.17989676765736	26.671630319915458	24.41069354317505
4	0.892593959269942	46.8465537532397	26.150513874726794	26.110338412763568
5	1.0779781958876562	48.252679661213094	26.849233711873914	23.820108431025336
6	1.0240532420346562	48.4396834823924	24.987335802124093	25.548927473448853
7	0.9327755312366263	47.10276251779523	27.40246469339808	24.561997257570066
8	0.9135450964637245	47.39582878453087	27.10089171084464	24.589734408160773
9	0.9487106705386581	47.30976658879015	27.305399681215746	24.436123059455447
10-14	0.9072139557672606	47.54360085555407	27.320830156446917	24.228355032231754
15-19	0.9255551474971146	47.165888565693024	27.465516029200295	24.443040257609574
20-24	0.9557135524174611	46.85416598407654	27.416794993610953	24.773325469895045
25-29	0.9575076198677692	46.97381144714289	27.117675950170938	24.951004982818397
30-34	0.988503662982005	46.76695358237319	27.138914765757043	25.105627988887765
35-39	0.9827470948339542	46.728299642238646	26.95961630577629	25.329336957151106
40-44	0.9753055876946711	46.81225136738327	26.921466258469383	25.290976786452678
45-49	0.9970406203690904	46.61317888089487	26.90098977644841	25.488790722287625
50-54	1.0057582827152693	46.61548683342098	26.831559201075773	25.547195682787976
55-59	0.9902916657269221	46.636444484540206	26.840605628826143	25.53265822090673
60-64	1.0105895778267027	46.5582763717551	26.7512969860978	25.679837064320406
65-69	1.0056161538906208	46.693583888797484	26.78247297531649	25.518326981995404
70-74	1.0140704562357816	46.58352975399344	26.716466721365528	25.685933068405255
75-79	1.0201019564494933	46.56463556974056	26.80110072118378	25.61416175262617
80-84	1.0022758532198484	46.598218486411284	26.738461469197194	25.661044191171673
85-89	1.0132246228220474	46.51611420947951	26.815944228462463	25.65471693923598
90-94	1.027693244620622	46.490207626400114	26.697688157436495	25.784410971542766
95-99	1.0196997349523558	46.56359767785247	26.765272338747398	25.651430248447777
100-104	1.014320140112852	46.558903435686986	26.78904656311089	25.637729861089277
105-109	1.0032639282843072	46.556600089513665	26.844792937680435	25.59534304452159
110-114	1.0013110090119415	46.65275152939189	26.754026145211213	25.59191131638496
115-119	1.0089627692931087	46.70832891144321	26.80311815612006	25.479590163143627
120-124	0.9808346164661833	46.73607382979267	26.842106815647732	25.440984738093412
125-129	1.0022881820232685	46.62608970640369	26.907791904347544	25.463830207225495
130-134	0.9761748565597244	46.91455020669978	26.78438661710037	25.324888319640127
135-139	0.9456276408681731	47.00515707424612	26.87091567593103	25.178299608954674
140-144	0.9379151038652831	47.32441765393545	26.83377806307119	24.90388917912808
145-149	0.9280763467293232	47.7379836749107	26.880389391084904	24.45355058727507
150	0.8829475738984941	49.005856107083105	26.896960401561625	23.214235917456776
>>END_MODULE
>>Per sequence GC content	warn
#GC Content	Count
0	455.0
1	438.5
2	405.0
3	405.0
4	449.0
5	493.0
6	541.5
7	617.5
8	670.0
9	724.5
10	804.5
11	943.0
12	1184.0
13	1640.0
14	2570.0
15	4145.5
16	6474.0
17	9788.0
18	14041.0
19	18508.5
20	22559.5
21	26040.0
22	28422.0
23	29598.0
24	29857.0
25	29250.0
26	28008.5
27	26421.0
28	24433.5
29	22088.0
30	19636.5
31	17343.5
32	15326.0
33	13382.0
34	11595.0
35	9913.5
36	8452.5
37	7224.0
38	6139.5
39	5157.0
40	4283.0
41	3558.5
42	2942.5
43	2449.5
44	2024.0
45	1672.5
46	1337.5
47	1077.5
48	949.0
49	915.5
50	880.5
51	686.5
52	494.5
53	410.5
54	330.5
55	269.5
56	205.5
57	153.5
58	116.0
59	93.5
60	90.0
61	68.0
62	51.5
63	47.0
64	41.0
65	35.0
66	27.5
67	25.5
68	25.0
69	23.0
70	21.5
71	15.5
72	10.0
73	7.0
74	5.5
75	6.5
76	8.0
77	8.5
78	8.5
79	8.0
80	7.0
81	7.0
82	5.0
83	3.0
84	3.5
85	4.0
86	3.0
87	2.5
88	2.5
89	2.5
90	3.0
91	2.5
92	1.5
93	0.5
94	0.0
95	0.0
96	0.0
97	0.0
98	0.0
99	0.0
100	0.0
>>END_MODULE
>>Per base N content	pass
#Base	N-Count
1	0.0
2	4.366783623688055E-4
3	0.001528374268290819
4	0.002620070174212833
5	0.003493426898950444
6	0.004148444442503652
7	0.0032750877177660405
8	0.001528374268290819
9	0.002838409355397235
10-14	0.0016157099407645803
15-19	0.0016593777770014606
20-24	0.0014852940598285183
25-29	0.0014432601935718064
30-34	0.0018832457697044445
35-39	0.002631819043140778
40-44	0.002153140113176075
45-49	0.0013207410942428016
50-54	0.0014558731466845136
55-59	5.748991936375465E-4
60-64	4.4333630073097285E-4
65-69	7.114633645280374E-4
70-74	0.0014276823139161103
75-79	0.0012988484588715157
80-84	0.0011255329398470175
85-89	6.797381829782683E-4
90-94	5.014224443067812E-4
95-99	3.6684660492638306E-4
100-104	3.2364928438831446E-4
105-109	9.353561345098243E-5
110-114	2.3724319610237898E-4
115-119	4.3414732741317173E-4
120-124	2.4581028657054833E-4
125-129	4.0284732489233907E-4
130-134	3.1239163915016977E-4
135-139	5.4676329796686064E-5
140-144	5.856841229819521E-5
145-149	1.2934845244277787E-4
150	0.0
>>END_MODULE
>>Sequence Length Distribution	warn
#Length	Count
20-24	457.0
25-29	590.0
30-34	683.0
35-39	764.0
40-44	811.0
45-49	955.0
50-54	981.0
55-59	1103.0
60-64	1258.0
65-69	1466.0
70-74	1563.0
75-79	1992.0
80-84	2670.0
85-89	2838.0
90-94	2520.0
95-99	3042.0
100-104	4200.0
105-109	5687.0
110-114	6704.0
115-119	7281.0
120-124	8512.0
125-129	11333.0
130-134	15498.0
135-139	21671.0
140-144	28300.0
145-149	38244.0
150-151	286880.0
>>END_MODULE
>>Sequence Duplication Levels	pass
#Total Deduplicated Percentage	96.79680668997881
#Duplication Level	Percentage of deduplicated	Percentage of total
1	97.34891480321205	94.23064087685734
2	2.330174882576342	4.511069753251726
3	0.2074119533684326	0.6023044426618521
4	0.045584388026198006	0.17649692783411494
5	0.02121177945979887	0.10266162579603072
6	0.01745711990534593	0.10138760765049308
7	0.00947912492222906	0.06422843158810168
8	0.005604843531928617	0.04340247647101379
9	0.004134097607645068	0.03601507022682512
>10	0.010027007390012943	0.1317927876624864
>50	0.0	0.0
>100	0.0	0.0
>500	0.0	0.0
>1k	0.0	0.0
>5k	0.0	0.0
>10k+	0.0	0.0
>>END_MODULE
>>Overrepresented sequences	pass
>>END_MODULE
>>Adapter Content	pass
#Position	Illumina Universal Adapter	Illumina Small RNA 3' Adapter	Illumina Small RNA 5' Adapter	Nextera Transposase Sequence	SOLID Small RNA Adapter
1	0.0	0.0	0.0	0.0	0.0
2	0.0	0.0	0.0	0.0	0.0
3	0.0	0.0	0.0	0.0	0.0
4	0.0	0.0	0.0	0.0	0.0
5	0.0	0.0	0.0	0.0	0.0
6	0.0	0.0	0.0	0.0	0.0
7	0.0	0.0	0.0	0.0	0.0
8	0.0	0.0	0.0	0.0	0.0
9	0.0	0.0	0.0	0.0	0.0
10-11	0.0	0.0	0.0	0.0	0.0
12-13	0.0	0.0	0.0	0.0	0.0
14-15	0.0	0.0	0.0	0.0	0.0
16-17	0.0	0.0	0.0	0.0	0.0
18-19	0.0	0.0	0.0	0.0	0.0
20-21	0.0	0.0	0.0	0.0	0.0
22-23	0.0	0.0	0.0	0.0	0.0
24-25	0.0	0.0	0.0	0.0	0.0
26-27	0.0	0.0	0.0	0.0	0.0
28-29	0.0	0.0	0.0	0.0	0.0
30-31	0.0	0.0	0.0	0.0	0.0
32-33	0.0	0.0	0.0	0.0	0.0
34-35	0.0	0.0	0.0	0.0	0.0
36-37	0.0	0.0	0.0	0.0	0.0
38-39	0.0	0.0	0.0	0.0	0.0
40-41	0.0	0.0	0.0	0.0	0.0
42-43	0.0	0.0	0.0	0.0	0.0
44-45	0.0	0.0	0.0	0.0	0.0
46-47	0.0	0.0	0.0	0.0	0.0
48-49	0.0	0.0	0.0	2.1833918118440272E-4	0.0
50-51	0.0	0.0	0.0	2.1833918118440272E-4	0.0
52-53	0.0	0.0	0.0	2.1833918118440272E-4	0.0
54-55	0.0	0.0	0.0	2.1833918118440272E-4	0.0
56-57	0.0	0.0	0.0	2.1833918118440272E-4	0.0
58-59	0.0	0.0	0.0	2.1833918118440272E-4	0.0
60-61	0.0	0.0	0.0	2.1833918118440272E-4	0.0
62-63	0.0	0.0	0.0	2.1833918118440272E-4	0.0
64-65	0.0	0.0	0.0	2.1833918118440272E-4	0.0
66-67	0.0	0.0	0.0	2.1833918118440272E-4	0.0
68-69	0.0	0.0	0.0	2.1833918118440272E-4	0.0
70-71	0.0	0.0	0.0	2.1833918118440272E-4	0.0
72-73	0.0	0.0	0.0	2.1833918118440272E-4	0.0
74-75	0.0	0.0	0.0	2.1833918118440272E-4	0.0
76-77	0.0	0.0	0.0	2.1833918118440272E-4	0.0
78-79	0.0	0.0	0.0	2.1833918118440272E-4	0.0
80-81	0.0	0.0	0.0	2.1833918118440272E-4	0.0
82-83	0.0	0.0	0.0	2.1833918118440272E-4	0.0
84-85	0.0	0.0	0.0	2.1833918118440272E-4	0.0
86-87	0.0	0.0	0.0	2.1833918118440272E-4	0.0
88-89	0.0	0.0	0.0	2.1833918118440272E-4	0.0
90-91	0.0	0.0	0.0	2.1833918118440272E-4	0.0
92-93	0.0	0.0	0.0	2.1833918118440272E-4	0.0
94-95	0.0	0.0	0.0	2.1833918118440272E-4	0.0
96-97	0.0	0.0	0.0	2.1833918118440272E-4	0.0
98-99	0.0	0.0	0.0	2.1833918118440272E-4	0.0
100-101	0.0	0.0	0.0	2.1833918118440272E-4	0.0
102-103	0.0	0.0	0.0	2.1833918118440272E-4	0.0
104-105	0.0	0.0	0.0	2.1833918118440272E-4	0.0
106-107	0.0	0.0	0.0	2.1833918118440272E-4	0.0
108-109	0.0	0.0	0.0	2.1833918118440272E-4	0.0
110-111	0.0	0.0	0.0	2.1833918118440272E-4	0.0
112-113	0.0	0.0	0.0	2.1833918118440272E-4	0.0
114-115	0.0	0.0	0.0	2.1833918118440272E-4	0.0
116-117	0.0	0.0	0.0	2.1833918118440272E-4	0.0
118-119	0.0	0.0	0.0	2.1833918118440272E-4	0.0
120-121	0.0	0.0	0.0	2.1833918118440272E-4	0.0
122-123	0.0	0.0	0.0	2.1833918118440272E-4	0.0
124-125	0.0	0.0	0.0	2.1833918118440272E-4	0.0
126-127	0.0	0.0	0.0	2.1833918118440272E-4	0.0
128-129	0.0	0.0	0.0	2.1833918118440272E-4	0.0
130-131	0.0	0.0	0.0	2.1833918118440272E-4	0.0
132-133	0.0	0.0	0.0	2.1833918118440272E-4	0.0
134-135	0.0	0.0	0.0	2.1833918118440272E-4	0.0
136-137	0.0	0.0	0.0	2.1833918118440272E-4	0.0
138-139	0.0	0.0	0.0	2.1833918118440272E-4	0.0
>>END_MODULE
