##FastQC	0.11.9
>>Basic Statistics	pass
#Measure	Value
Filename	subset_1.txt
File type	Conventional base calls
Encoding	Sanger / Illumina 1.9
Total Sequences	458003
Sequences flagged as poor quality	0
Sequence length	20-150
%GC	26
>>END_MODULE
>>Per base sequence quality	pass
#Base	Mean	Median	Lower Quartile	Upper Quartile	10th Percentile	90th Percentile
1	37.036696266181664	38.0	36.0	40.0	33.0	40.0
2	33.199400440608464	37.0	29.0	39.0	21.0	40.0
3	33.13562138239269	37.0	29.0	39.0	21.0	40.0
4	33.11966515503173	37.0	29.0	39.0	20.0	40.0
5	33.187522789152034	37.0	29.0	39.0	20.0	40.0
6	33.28562258325819	37.0	30.0	39.0	20.0	40.0
7	33.26464237133818	36.0	30.0	39.0	20.0	40.0
8	33.27678202981203	36.0	30.0	39.0	21.0	40.0
9	33.299161795883435	36.0	30.0	39.0	21.0	40.0
10-14	34.4101977497964	37.6	32.4	39.8	23.0	40.0
15-19	34.66434892347867	38.0	32.6	40.0	24.0	40.0
20-24	34.435020675922104	38.0	32.0	40.0	23.2	40.0
25-29	33.94838983879616	37.0	31.2	40.0	22.2	40.0
30-34	33.67065821385615	37.0	31.0	39.0	21.4	40.0
35-39	33.998799656775205	37.0	31.8	39.2	22.8	40.0
40-44	34.126656589460296	37.0	32.0	39.0	23.0	40.0
45-49	34.512317569868515	37.8	32.2	39.8	23.8	40.0
50-54	34.41448125879257	37.2	32.0	39.2	24.0	40.0
55-59	34.16335726589287	37.0	32.0	39.0	24.0	40.0
60-64	32.6198693366199	35.2	29.4	38.2	21.2	40.0
65-69	32.2902001224151	35.0	29.0	38.0	21.0	40.0
70-74	33.221719260930996	35.8	30.6	38.0	22.6	40.0
75-79	33.43475392117267	36.0	31.0	38.0	23.0	40.0
80-84	33.38134813558587	35.6	31.0	38.0	23.0	40.0
85-89	33.19527534410664	35.0	31.0	38.0	23.0	40.0
90-94	32.787741463794404	35.0	30.2	38.0	22.2	40.0
95-99	31.821323870076913	33.4	28.4	38.0	21.2	39.2
100-104	32.06802868423448	33.8	29.0	38.0	21.8	39.0
105-109	32.41041953895704	34.0	29.8	38.0	22.8	39.4
110-114	31.153337871427777	32.8	28.2	36.4	20.8	38.2
115-119	28.796013018447262	30.4	24.2	34.8	17.2	38.0
120-124	29.117227422460154	30.8	24.8	34.8	17.8	38.0
125-129	30.710228044155805	32.6	27.4	35.8	20.4	38.0
130-134	30.70485130005435	32.2	27.4	35.8	20.6	38.0
135-139	30.72479833686419	32.0	28.0	35.6	21.0	38.0
140-144	29.581216921062236	31.2	26.2	34.2	19.6	38.0
145-149	30.32854201194466	31.0	27.6	34.8	22.4	38.0
150	30.705005818518973	31.0	28.0	35.0	23.0	38.0
>>END_MODULE
>>Per sequence quality scores	pass
#Quality	Count
17	3.0
18	27.0
19	165.0
20	556.0
21	1133.0
22	2018.0
23	3173.0
24	4663.0
25	6957.0
26	9805.0
27	13656.0
28	19381.0
29	26305.0
30	34793.0
31	43962.0
32	52785.0
33	60166.0
34	62053.0
35	54870.0
36	38618.0
37	17997.0
38	4235.0
39	658.0
40	24.0
>>END_MODULE
>>Per base sequence content	fail
#Base	G	A	T	C
1	2.6157033905891445	37.10303207620911	58.77537920057292	1.5058853326288255
2	15.253574851907569	31.163712824051125	52.631165241238364	0.9515470828029372
3	22.41426372162596	27.98611186932929	48.6091124480014	0.9905119610433567
4	24.056909663769215	27.733198832286366	47.12558598568961	1.0843055182548051
5	24.134971897231647	28.48358597438215	46.356247898297234	1.0251942300889594
6	24.34338824115182	28.404368458177103	46.31343097796772	0.9388123227033602
7	23.624175728197738	28.137254901960784	47.273898423511945	0.9646709463295341
8	23.3995859755778	28.191874989081633	47.45929633317611	0.9492427021644567
9	23.492139737991266	28.055676855895197	47.49912663755458	0.9530567685589519
10-14	23.970089640224796	27.700192279636266	47.31315197953677	1.0165661006021733
15-19	24.383429154800922	27.467801409516966	47.17321210072022	0.9755573349618832
20-24	24.873171874399073	26.911861882335664	47.16996716978362	1.0449990734816461
25-29	25.140278036436136	26.88925648806459	46.90634619808727	1.0641192774120045
30-34	25.482843814629803	26.650008370156897	46.76549456642807	1.1016532487852289
35-39	25.703861307839038	26.624671296549074	46.60217943817909	1.069287957432793
40-44	25.672939445050915	26.632638782518033	46.597483796438325	1.096937975992729
45-49	25.858047907536513	26.66133150852039	46.36665549765473	1.1139650862883632
50-54	25.81782814050936	26.607554853852594	46.46650367616852	1.108113329469526
55-59	25.931601443078307	26.533493754675796	46.37216234675546	1.1627424554904384
60-64	25.96257373588254	26.604633787804094	46.304787253626294	1.1280052226870796
65-69	25.950943515504	26.63052754685969	46.32035726703363	1.098171670602685
70-74	25.897884302653406	26.498743801863007	46.43456737662064	1.1688045188629477
75-79	25.723545138025365	26.483571543514195	46.63325445821203	1.1596288602484017
80-84	25.794000994086204	26.332863954969188	46.70563705894341	1.1674979920012025
85-89	25.733565631636612	26.4259479375772	46.708381114985336	1.1321053158008594
90-94	25.71863767614636	26.274993232370324	46.83937594934805	1.1669931421352624
95-99	25.74388847679171	26.267334152645144	46.803418182895044	1.1853591876680993
100-104	25.718462726471948	26.288013721221716	46.81828500250288	1.1752385498034559
105-109	25.565733544307868	26.320456867621388	47.00283194257222	1.110977645498526
110-114	25.466056101894253	26.38379276340819	46.96921182706248	1.1809393076350725
115-119	25.447256925007494	26.363605009935505	46.99645293170368	1.1926851333533193
120-124	25.207551085611925	26.28701880671438	47.36981804974891	1.1356120579247895
125-129	24.981670757704634	26.10721887118959	47.75959935860351	1.1515110125022647
130-134	24.824258520939598	25.864547490763133	48.183550681381796	1.1276433069154819
135-139	24.43821660336394	25.61486452828309	48.902634130941216	1.0442847374117497
140-144	24.01788650261404	25.7447681451917	49.22981546342302	1.0075298887712345
145-149	23.706093884638655	24.670799623197286	50.67402811353321	0.9490783786308512
150	24.81527384883204	23.1553402650974	51.11356046056179	0.9158254255087657
>>END_MODULE
>>Per sequence GC content	warn
#GC Content	Count
0	655.0
1	644.5
2	538.0
3	445.0
4	460.5
5	491.5
6	515.5
7	540.5
8	590.0
9	648.0
10	701.5
11	825.0
12	1066.5
13	1404.0
14	2133.0
15	3625.5
16	5987.5
17	9450.5
18	13940.0
19	18935.0
20	23799.5
21	27709.0
22	30337.5
23	31787.5
24	31907.0
25	31086.5
26	29644.5
27	27563.5
28	25314.5
29	22807.5
30	20185.0
31	17684.5
32	15202.5
33	13093.5
34	11304.0
35	9658.0
36	8240.0
37	6996.0
38	5855.0
39	4820.5
40	3981.0
41	3316.5
42	2751.5
43	2278.0
44	1864.5
45	1522.5
46	1271.5
47	1075.5
48	921.5
49	859.0
50	803.5
51	632.0
52	459.5
53	378.0
54	306.0
55	230.0
56	183.0
57	155.5
58	129.0
59	99.0
60	78.0
61	66.0
62	53.0
63	38.5
64	28.5
65	25.0
66	21.0
67	17.5
68	14.0
69	11.5
70	11.0
71	9.0
72	6.0
73	5.0
74	5.0
75	3.5
76	2.0
77	3.0
78	3.0
79	2.5
80	4.0
81	4.0
82	3.0
83	3.0
84	2.5
85	1.0
86	0.0
87	0.5
88	1.0
89	0.5
90	0.0
91	0.0
92	0.0
93	0.5
94	1.0
95	0.5
96	0.0
97	0.0
98	0.0
99	0.0
100	0.0
>>END_MODULE
>>Per base N content	pass
#Base	N-Count
1	0.0
2	0.002620070174212833
3	0.012663672508695357
4	0.003056748536581638
5	0.00895190642856051
6	0.01834049121948983
7	0.005021801167241263
8	0.012882011689879761
9	6.550175435532082E-4
10-14	0.027991083027840428
15-19	0.037641674836191026
20-24	0.0062055397115210655
25-29	0.009376551348229782
30-34	0.027146208689334483
35-39	0.01091889550088672
40-44	0.009004233313809448
45-49	0.015401126318002278
50-54	0.0027534421357473617
55-59	0.012177334100549986
60-64	0.0066446554970606385
65-69	8.127849262713763E-4
70-74	0.0070817864623480475
75-79	0.0010971689384159074
80-84	0.00567094938608515
85-89	0.006000937820980395
90-94	0.007002126484721031
95-99	0.008978825731977277
100-104	0.00397728871138756
105-109	0.010873793317856302
110-114	0.005106503796430248
115-119	0.0012734264031169233
120-124	0.006007301602038113
125-129	0.008296151150230316
130-134	0.004789590304432347
135-139	0.0022642261327923342
140-144	0.0
145-149	2.6191037426992486E-4
150	0.0
>>END_MODULE
>>Sequence Length Distribution	warn
#Length	Count
20-24	983.0
25-29	1209.0
30-34	1080.0
35-39	1056.0
40-44	1148.0
45-49	1404.0
50-54	1811.0
55-59	2316.0
60-64	2874.0
65-69	2444.0
70-74	2663.0
75-79	3359.0
80-84	3859.0
85-89	4036.0
90-94	5090.0
95-99	7330.0
100-104	6695.0
105-109	9935.0
110-114	14650.0
115-119	13177.0
120-124	10349.0
125-129	15567.0
130-134	22836.0
135-139	30505.0
140-144	46435.0
145-149	33798.0
150-151	211394.0
>>END_MODULE
>>Sequence Duplication Levels	pass
#Total Deduplicated Percentage	97.14523501209554
#Duplication Level	Percentage of deduplicated	Percentage of total
1	97.69030195022496	94.90147341357181
2	2.014444524729463	3.913873735473456
3	0.1644027208950747	0.4791282287393995
4	0.05617767322461543	0.21829573071351893
5	0.03421206804680779	0.16617696953284739
6	0.015005438866608692	0.08746241310938002
7	0.0074822381690126194	0.050880464974164166
8	0.006629886696011679	0.0515249520950096
9	0.0035931477760776705	0.03141514666262284
>10	0.0077503513713477485	0.09976894512779845
>50	0.0	0.0
>100	0.0	0.0
>500	0.0	0.0
>1k	0.0	0.0
>5k	0.0	0.0
>10k+	0.0	0.0
>>END_MODULE
>>Overrepresented sequences	pass
>>END_MODULE
>>Adapter Content	pass
#Position	Illumina Universal Adapter	Illumina Small RNA 3' Adapter	Illumina Small RNA 5' Adapter	Nextera Transposase Sequence	SOLID Small RNA Adapter
1	0.0	0.0	0.0	0.0	0.0
2	0.0	0.0	0.0	0.0	0.0
3	0.0	0.0	0.0	0.0	0.0
4	0.0	0.0	0.0	0.0	0.0
5	0.0	0.0	0.0	0.0	0.0
6	0.0	0.0	0.0	0.0	0.0
7	0.0	0.0	0.0	0.0	0.0
8	0.0	0.0	0.0	0.0	0.0
9	0.0	0.0	0.0	0.0	0.0
10-11	0.0	0.0	0.0	0.0	0.0
12-13	0.0	0.0	0.0	0.0	0.0
14-15	0.0	0.0	0.0	0.0	0.0
16-17	0.0	0.0	0.0	0.0	0.0
18-19	0.0	0.0	0.0	0.0	0.0
20-21	0.0	0.0	0.0	0.0	0.0
22-23	0.0	0.0	0.0	0.0	0.0
24-25	0.0	0.0	0.0	0.0	0.0
26-27	0.0	0.0	0.0	0.0	0.0
28-29	0.0	0.0	0.0	0.0	0.0
30-31	0.0	0.0	0.0	0.0	0.0
32-33	0.0	0.0	0.0	0.0	0.0
34-35	0.0	0.0	0.0	0.0	0.0
36-37	0.0	0.0	0.0	0.0	0.0
38-39	0.0	0.0	0.0	0.0	0.0
40-41	0.0	0.0	0.0	0.0	0.0
42-43	0.0	0.0	0.0	0.0	0.0
44-45	0.0	0.0	0.0	0.0	0.0
46-47	0.0	0.0	0.0	0.0	0.0
48-49	0.0	0.0	0.0	0.0	0.0
50-51	0.0	0.0	0.0	0.0	0.0
52-53	0.0	0.0	0.0	0.0	0.0
54-55	0.0	0.0	0.0	0.0	0.0
56-57	0.0	0.0	0.0	0.0	0.0
58-59	0.0	0.0	0.0	0.0	0.0
60-61	0.0	0.0	0.0	0.0	0.0
62-63	0.0	0.0	0.0	0.0	0.0
64-65	0.0	0.0	0.0	0.0	0.0
66-67	0.0	0.0	0.0	0.0	0.0
68-69	0.0	0.0	0.0	0.0	0.0
70-71	0.0	0.0	0.0	0.0	0.0
72-73	0.0	0.0	0.0	0.0	0.0
74-75	0.0	0.0	0.0	0.0	0.0
76-77	0.0	0.0	0.0	0.0	0.0
78-79	0.0	0.0	0.0	0.0	0.0
80-81	0.0	0.0	0.0	0.0	0.0
82-83	0.0	0.0	0.0	0.0	0.0
84-85	0.0	0.0	0.0	0.0	0.0
86-87	0.0	0.0	0.0	0.0	0.0
88-89	0.0	0.0	0.0	0.0	0.0
90-91	0.0	0.0	0.0	0.0	0.0
92-93	0.0	0.0	0.0	0.0	0.0
94-95	0.0	0.0	0.0	0.0	0.0
96-97	0.0	0.0	0.0	0.0	0.0
98-99	0.0	0.0	0.0	0.0	0.0
100-101	0.0	0.0	0.0	0.0	0.0
102-103	0.0	0.0	0.0	0.0	0.0
104-105	0.0	0.0	0.0	0.0	0.0
106-107	0.0	0.0	0.0	0.0	0.0
108-109	0.0	0.0	0.0	0.0	0.0
110-111	0.0	0.0	0.0	0.0	0.0
112-113	0.0	0.0	0.0	0.0	0.0
114-115	0.0	0.0	0.0	0.0	0.0
116-117	0.0	0.0	0.0	0.0	0.0
118-119	0.0	0.0	0.0	0.0	0.0
120-121	0.0	0.0	0.0	0.0	0.0
122-123	0.0	0.0	0.0	0.0	0.0
124-125	0.0	0.0	0.0	0.0	0.0
126-127	0.0	0.0	0.0	0.0	0.0
128-129	0.0	0.0	0.0	0.0	0.0
130-131	0.0	0.0	0.0	0.0	0.0
132-133	0.0	0.0	0.0	0.0	0.0
134-135	0.0	0.0	0.0	0.0	0.0
136-137	0.0	0.0	0.0	0.0	0.0
138-139	0.0	0.0	0.0	0.0	0.0
>>END_MODULE
